1
2
3
4
5
6
8
9
10
11
12
13
14
15
16
17
18
19
20
21
22
23
25
26
27
28
29
30
31
32
33
34
36
39
40
41
42
43
44
45
46
47
48
49
50
51
52
53
54
55
56
57
58
59
60
61
62
63
64
65
66
67
68
69
70
71
72
73
74
75
76
77
78
79
80
81
82
83
84
85
86
87
88
89
90
91
92
93
94
95
96
97
98
99
100
101
102
103
104
105
106
107
108
109
110
111
112
113
115
116
117
118
119
120
121
122
123
124
125
126
130
131
132
133
134
135
136
137
138
139
140
141
142
143
144
145
146
147
148
149
150
151
152
153
154
155
156
157
158
159
160
161
162
163
164
165
166
167
168
169
170
171
172
173
174
175
176
177
178
179
180
181
182
183
184
185
186
187
188
189
190
191
192
193
194
195
196
197
198
199
200
201
202
203
204
205
207
208
209
211
212
213
214
215
216
217
218
219
221
222
224
225
226
227
229
230
231
232
233
234
235
236
237
238
239
240
241
242
243
244
245
246
247
248
249
250
251
252
253
254
255
256
257
258
259
260
261
262
263
264
265
266
267
269
270
271
272
273
274
275
276
277
278
279
280
281
282
283
284
285
287
288
291
292
293
294
295
296
297
298
299
300
301
302
303
305
306
308
309
310
311
312
313
314
315
316
317
318
319
320
321
322
323
324
325
326
327
328
329
330
331
332
333
334
335
336
337
338
339
340
341
342
343
344
347
348
349
350
351
352
353
354
355
356
357
358
359
360
361
362
363
364
365
366
367
368
369
370
371
372
373
374
375
376
377
378
379
380
381
382
383
384
385
386
387
388
389
390
391
392
393
394
395
396
397
398
399
400
401
402
403
404
405
406
407
408
409
410
411
412
413
414
415
416
417
418
419
420
421
422
423
424
425
426
427
428
429
430
431
432
433
434
435
436
437
438
439
440
441
442
443
444
445
446
447
448
449
450
451
452
453
454
455
456
457
458
459
460
461
462
463
464
465
466
467
468
469
470
471
472
473
474
475
476
477
478
479
480
481
482
483
484
485
486
487
488
489
490
491
492
493
494
495
496
497
498
499
500
501
502
503
504
505
506
507
508
509
510
511
512
513
514
515
516
517
518
519
520
521
522
523
524
525
526
527
528
529
530
531
532
533
534
535
536
537
538
539
540
541
543
544
545
546
547
548
549
550
551
552
553
554
555
556
557
558
559
560
561
563
564
565
566
567
568
569
570
571
572
573
574
575
576
577
578
579
580
581
582
583
584
585
587
589
592
593
594
595
596
597
598
599
600
601
602
603
604
605
606
607
608
609
611
612
613
614
615
616
617
618
619
620
621
622
623
625
626
627
628
629
630
631
632
633
634
635
636
637
638
639
640
641
642
643
644
645
646
647
648
649
650
651
652
653
654
655
656
657
658
659
660
661
662
663
664
665
666
667
668
669
670
671
672
673
674
675
676
677
678
679
680
681
682
684
685
686
687
688
689
690
692
693
696
697
698
699
700
701
702
703
704
705
706
707
708
709
710
711
712
713
715
716
717
718
719
720
721
722
724
725
726
727
728
729
730
731
732
733
734
735
736
737
738
739
740
741
742
743
744
745
746
747
748
749
750
751
752
753
754
755
756
757
758
759
760
761
762
763
764
765
766
767
768
769
770
771
772
773
774
775
776
777
778
779
780
781
782
784
785
786
787
788
789
790
791
792
793
794
795
796
797
798
799
800
801
802
803
804
805
806
807
808
809
810
811
812
813
814
815
816
817
819
820
821
822
823
824
825
828
829
831
832
833
836
837
838
839
841
842
843
847
849
850
851
852
853
854
855
856
857
858
860
862
863
864
872
879
880
882
884
888
890
892
893
894
895
896
897
898
899
900
901
902
905
907
908
909
910
911
912
913
914
915
916
917
918
919
920
921
922
923
924
925
926
927
928
929
930
931
932
933
934
935
936
937
938
939
940
941
942
943
944
945
946
948
949
950
952
953
954
955
956
957
958
959
960
961
962
963
964
965
966
967
968
969
970
972
973
974
976
977
978
980
981
982
983
984
985
986
987
988
989
990
991
992
993
994
996
1000
1001
1002
1003
1004
1005
1006
1007
1008
1009
1010
1011
1012
1013
1014
1015
1016
1017
1018
1019
1020
1021
1022
1023
1024
1025
1026
1027
1028
1029
1030
1031
1032
1033
1034
1035
1036
1037
1038
1039
1040
1041
1042
1043
1044
1045
1046
1047
1048
1049
1050
1051
1053
1054
1055
1056
1060
1062
1063
1064
1065
1066
1067
1073
1074
1075
1076
1077
1078
1079
1080
1081
1082
1083
1088
1089
1090
1091
1092
1093
1094
1095
1096
1097
1098
1099
1101
1103
1106
1107
1108
1109
1110
1111
1112
1113
1114
1115
1116
1117
1118
1119
1120
1121
1122
1123
1124
1125
1126
1127
1128
1129
1130
1132
1133
1134
1135
1136
1137
1138
1139
1141
1142
1143
1144
1145
1146
1147
1148
1149
1150
1151
1152
1153
1154
1155
1156
1157
1158
1159
1160
1161
1163
1164
1165
1166
1167
1168
1170
1172
1174
1175
1176
1177
1178
1179
1184
1186
1187
1188
1190
1193
1194
1196
1197
1198
1199
1200
1201
1202
1203
1204
1205
1206
1207
1208
1209
1210
1211
1212
1214
1216
1217
1218
1220
1222
1224
1229
1230
1231
1232
1233
1234
1235
1236
1237
1238
1239
1240
1241
1242
1243
1244
1245
1246
1247
1248
1249
1250
1251
1252
1253
1254
1257
1258
1259
1260
1261
1262
1263
1266
1267
1268
1269
1270
1271
1272
1273
1274
1275
1276
1277
1278
1281
1282
1283
1284
1286
1287
1288
1289
1290
1291
1292
1293
1294
1295
1296
1297
1301
1302
1303
1304
1305
1308
1309
1311
1318
1319
1326
1327
1329
1330
1331
1332
1333
1335
1336
1337
1338
1339
1340
1341
1342
1344
1345
1346
1347
1348
1349
1350
1351
1352
1353
1354
1355
1356
1357
1358
1359
1360
1361
1362
1363
1364
1366
1367
1368
1372
1376
1378
1379
1380
1382
1383
1385
1386
1387
1388
1389
1390
1391
1392
1393
1394
1395
1396
1397
1398
1399
1402
1403
1404
1405
1406
1407
1408
1409
1410
1411
1412
1414
1415
1416
1417
1418
1419
1421
1423
1424
1425
1426
1427
1428
1429
1430
1431
1432
1433
1434
1435
1436
1437
1438
1439
1440
1441
1442
1443
1444
1445
1446
1447
1448
1449
1452
1453
1454
1455
1456
1457
1458
1459
1460
1461
1462
1463
1464
1465
1466
1467
1468
1469
1470
1471
1472
1473
1474
1475
1476
1477
1478
1479
1480
1481
1482
1483
1484
1485
1486
1487
1488
1489
1490
1491
1492
1493
1494
1496
1497
1498
1499
1500
1501
1503
1507
1509
1510
1512
1514
1515
1518
1519
1520
1522
1523
1524
1526
1529
1531
1532
1535
1536
1537
1539
1541
1544
1546
1547
1548
1550
1553
1559
1560
1561
1562
1564
1565
1566
1567
1568
1571
1572
1573
1575
1576
1577
1578
1579
1581
1582
1583
1584
1585
1586
1587
1589
1590
1591
1592
1593
1594
1595
1596
1597
1598
1599
1600
1601
1602
1603
1605
1606
1607
1608
1609
1610
1611
1612
1613
1614
1615
1616
1617
1618
1619
1620
1621
1622
1623
1624
1625
1626
1627
1628
1629
1630
1631
1632
1634
1635
1636
1637
1638
1639
1653
1655
1656
1657
1660
1661
1663
1665
1666
1670
1673
1679
1680
1681
1682
1685
1686
1687
1689
1691
1692
1693
1694
1699
1702
1703
1704
1708
1711
1712
1714
1717
1719
1722
1723
1726
1727
1729
1731
1733
1736
1747
1749
1750
1751
1753
1756
1766
1767
1768
1769
1779
1784
1787
1791
1795
1811
1817
1820
1824
1833
1837
1841
1861
1865
1866
1867
1870
1874
1875
1876
1878
1879
1883
1886
1892
1893
1895
1903
1904
1905
1906
1907
1908
1909
1910
1912
1914
1916
1917
1918
1919
1920
1921
1922
1929
1932
1933
1936
1938
1939
1941
1956
1958
1959
1960
1961
1962
1963
1964
1965
1968
1969
1975
1976
1977
1978
1979
1980
1985
1986
1987
1988
1990
1994
1995
2012
2021
2022
2024
2028
2031
2032
2034
2037
2048
2050
2051
2053
2055
2063
2066
2073
2074
2080
2082
2084
2087
2094
2097
2099
2102
2112
2113
2114
2118
2120
2121
2122
2124
2125
2135
2138
2139
2146
2150
2154
2163
2170
2171
2176
2186
2191
2196
2209
2215
2216
2219
2228
2229
2237
2241
2247
2248
2266
2275
2280
2300
2305
2331
2348
2378
2386
2424
2449
2491
2505
2506
2512
2547
2554
2569
2573
2582
2583
2615
2671
2677
2700
2749
2754
2771
2827
2863
2864
2908
2910
2911
2914
2915
2916
2918
2919
2922
2977
2994
3003
3018
3034
3047
3052
3055
3118
3125
3128
3197
3255
3259
3270
3283
3284
3298
3310
3328
3334
3346
3485
3508
3519
3525
3528
3538
3542
3545
3548
3552
3561
3565
3569
3576
3580
3583
3590
3598
3610
3617
3622
3637
3654
3722
3727
3732
3742
3785
3823
3863
3874
3898
3901
3924
3933
3934
3935
3939
3940
3944
3952
3960
3975
3976
3981
3982
4003
4017
4023
4033
4067
4089
4092
4096
4098
4109
4118
4119
4126
4129
4134
4135
4137
4144
4151
4182
4185
4215
4226
4234
4262
4268
4270
4272
4277
4281
4289
4312
4315
4317
4324
4349
4363
4365
4371
4382
4407
4410
4425
4426
4432
4445
4458
4469
4473
4482
4545
4548
4570
4673
4776
4811
4864
4895
4924
4991
4993
5000
5023
5046
5056
5064
5075
5136
5143
5165
5167
5184
5190
5208
5330
5351
5352
5353
5354
5355
5356
5357
5359
5361
5362
5363
5367
5368
5369
5372
5375
5376
5377
5379
5385
5388
5390
5392
5393
5396
5400
5402
5405
5406
5409
5410
5412
5414
5416
5418
5420
5421
5423
5424
5428
5429
5430
5432
5433
5434
5437
5440
5446
5448
5449
5455
5459
5463
5464
5465
5486
5487
5502
5507
5509
5515
5517
5526
5527
5530
5531
5538
5539
5542
5548
5550
5551
5552
5554
5555
5556
5562
5567
5583
5586
5597
5604
5610
5635
5638
5640
5644
5645
5646
5650
5651
5654
5660
5668
5671
5673
5675
5676
5678
5680
5683
5688
5693
5695
5701
5702
5705
5706
5709
5713
5715
5716
5719
5721
5722
5723
5724
5725
5726
5727
5728
5729
5732
5733
5736
5737
5738
5740
5742
5744
5748
5756
5757
5760
5767
5769
5772
5776
5777
5779
5780
5782
5789
5790
5791
5793
5794
5795
5797
5798
5799
5800
5802
5803
5804
5805
5806
5809
5812
5813
5815
5816
5817
5818
5820
5823
5825
5827
5830
5832
5834
5836
5837
5838
5839
5843
5847
5848
5849
5850
5851
5853
5858
5860
5861
5862
5864
5871
5876
5880
5881
5885
5889
5890
5893
5895
5897
5899
5902
5903
5906
5907
5908
5911
5913
5914
5917
5918
5919
5920
5922
5923
5924
5930
5937
5940
5945
5947
5950
5954
5955
5956
5959
5963
5968
5970
5973
5975
5976
5978
5979
5980
5981
5983
5984
5988
5989
5990
5992
5993
5995
5996
5997
6000
6001
6002
6003
6004
6008
6009
6011
6013
6015
6016
6018
6021
6022
6023
6025
6027
6028
6030
6031
6032
6035
6037
6038
6039
6040
6044
6046
6048
6049
6051
6053
6056
6060
6061
6062
6063
6064
6065
6068
6070
6071
6072
6073
6075
6076
6077
6079
6080
6083
6084
6094
6104
6105
6106
6115
6117
6120
6121
6123
6125
6128
6131
6133
6134
6136
6137
6140
6146
6157
6160
6161
6163
6164
6167
6170
6172
6173
6178
6179
6185
6190
6193
6196
6206
6222
6225
6226
6227
6228
6230
6233
6234
6238
6243
6244
6245
6247
6248
6251
6253
6254
6255
6256
6257
6260
6262
6266
6275
6276
6277
6278
6280
6281
6284
6285
6289
6291
6297
6298
6299
6301
6302
6308
6309
6311
6315
6319
6320
6321
6323
6327
6330
6334
6336
6337
6338
6342
6344
6345
6347
6348
6349
6350
6351
6352
6353
6354
6355
6356
6357
6359
6362
6364
6365
6366
6369
6371
6372
6376
6382
6387
6388
6389
6392
6394
6397
6398
6400
6404
6410
6415
6418
6425
6429
6434
6439
6446
6449
6451
6452
6453
6454
6455
6456
6457
6461
6462
6463
6465
6467
6468
6470
6472
6474
6475
6481
6484
6485
6487
6488
6490
6492
6494
6495
6496
6498
6504
6513
6515
6516
6517
6518
6519
6520
6521
6523
6529
6531
6532
6534
6537
6538
6541
6542
6544
6546
6547
6549
6550
6554
6555
6556
6558
6569
6582
6583
6585
6587
6588
6589
6590
6591
6593
6594
6596
6599
6601
6603
6607
6608
6610
6615
6616
6617
6624
6625
6626
6627
6628
6630
6631
6633
6637
6638
6640
6641
6646
6649
6650
6651
6653
6654
6655
6656
6658
6659
6660
6661
6662
6663
6666
6667
6668
6669
6671
6672
6674
6675
6676
6677
6678
6684
6686
6687
6696
6700
6701
6706
6707
6708
6710
6717
6718
6721
6722
6723
6724
6725
6729
6730
6733
6736
6738
6739
6741
6743
6744
6749
6752
6753
6763
6766
6768
6769
6772
6780
6782
6785
6786
6789
6794
6820
6826
6827
6829
6832
6840
6841
6843
6844
6847
6848
6850
6853
6854
6856
6858
6861
6862
6864
6865
6869
6870
6871
6873
6874
6875
6876
6878
6879
6884
6886
6887
6890
6893
6895
6896
6897
6899
6900
6901
6902
6903
6904
6905
6907
6908
6909
6910
6911
6917
6919
6920
6921
6922
6923
6925
6933
6934
6935
6936
6938
6939
6940
6942
6944
6945
6947
6948
6951
6952
6955
6956
6961
6965
6966
6969
6970
6972
6973
6974
6975
6977
6978
6979
6981
6982
6983
6984
6986
6987
6988
6989
6990
6991
6992
6993
6994
6995
6996
6997
6998
6999
7000
7001
7002
7003
7012
7014
7015
7016
7028
7030
7031
7032
7036
7037
7038
7039
7043
7046
7047
7048
7049
7050
7051
7052
7053
7055
7056
7057
7059
7060
7061
7062
7063
7225
7227
7228
7229
7231
7233
7235
7236
7237
7239
7240
7241
7242
7243
7248
7249
7251
7252
7254
7255
7258
7259
7260
7262
7263
7264
7265
7266
7267
7268
7270
7271
7283
7287
7288
7289
7292
7299
7300
7301
7302
7307
7310
7311
7312
7313
7314
7315
7317
7318
7320
7323
7326
7328
7329
7331
7332
7334
7335
7339
7340
7341
7342
7344
7345
7349
7350
7351
7357
7360
7361
7362
7365
7366
7367
7368
7369
7370
7371
7372
7373
7374
7375
7377
7378
7380
7414
7418
7434
7435
7436
7439
7441
7444
7447
7450
7452
7454
7455
7456
7460
7467
7468
7470
7472
7473
7477
7478
7479
7480
7481
7482
7485
7486
7487
7488
7489
7490
7491
7492
7494
7495
7496
7497
7498
7499
7500
7501
7502
7503
7504
7506
7507
7508
7509
7510
7511
7512
7513
7514
7515
7516
7517
7520
7523
7524
7525
7527
7528
7529
7530
7531
7532
7533
7534
7535
7536
7537
7538
7539
7540
7543
7545
7546
7547
7548
7550
7553
7554
7556
7557
7558
7559
7560
7561
7562
7563
7564
7565
7566
7567
7568
7569
7570
7571
7572
7573
7574
7575
7579
7580
7581
7582
7583
7585
7586
7587
7589
7590
7591
7592
7593
7597
7598
7599
7600
7603
7604
7605
7606
7607
7608
7609
7610
7611
7612
7613
7614
7615
7616
7617
7618
7620
7623
7624
7625
7626
7627
7629
7630
7631
7632
7635
7636
7637
7639
7640
7641
7642
7645
7646
7647
7648
7649
7650
7651
7652
7653
7654
7656
7659
7660
7661
7662
7663
7664
7666
7668
7669
7678
7679
7680
7682
7683
7685
7686
7687
7688
7689
7690
7691
7692
7693
7694
7695
7696
7697
7698
7699
7700
7701
7702
7703
7704
7705
7706
7707
7708
7709
7710
7711
7712
7713
7714
7715
7716
7717
7718
7719
7720
7721
7722
7723
7724
7725
7727
7728
7729
7730
7731
7732
7733
7734
7735
7736
7737
7738
7739
7740
7741
7744
7749
7754
7755
7767
7776
7777
7793
7795
7798
7800
7802
7807
7808
7818
7819
7822
7830
7834
7835
7840
7844
7849
7852
7853
7861
7862
7867
7891
7895
7911
8061
8071
8137
8140
8150
8156
8160
8173
8175
8176
8178
8180
8182
8183
8184
8185
8186
8187
8188
8189
8190
8194
8195
8196
8197
8199
8200
8202
8203
8204
8205
8206
8207
8208
8209
8210
8212
8213
8215
8216
8217
8218
8219
8220
8221
8222
8223
8224
8225
8226
8227
8228
8229
8230
8232
8233
8234
8235
8236
8237
8238
8239
8240
8241
8242
8243
8244
8245
8246
8247
8248
8249
8251
8252
8253
8254
8255
8256
8257
8258
8259
8266
8267
8268
8269
8271
8272
8273
8274
8275
8276
8279
8301
8305
8312
8313
8314
8316
8317
8320
8322
8323
8338
8340
8343
8345
8346
8349
8350
8352
8353
8354
8356
8360
8361
8362
8363
8367
8368
8370
8372
8376
8378
8379
8380
8381
8382
8383
8384
8459
8460
8463
8466
8473
8474
8476
8477
8487
8488
8490
8491
8493
8494
8496
8497
8501
8502
8505
8506
8514
8515
8517
8518
8519
8520
8522
8523
8524
8526
8527
8528
8529
8530
8531
8532
8533
8534
8536
8537
8538
8540
8541
8542
8543
8544
8546
8548
8549
8550
8552
8553
8554
8555
8556
8558
8559
8560
8561
8562
8563
8564
8565
8566
8567
8569
8570
8571
8572
8573
8574
8575
8578
8585
8586
8588
8589
8590
8594
8596
8599
8600
8601
8602
8605
8608
8609
8610
8612
8613
8615
8618
8620
8622
8623
8624
8630
8631
8632
8633
8634
8635
8636
8637
8638
8639
8640
8641
8642
8643
8644
8645
8646
8647
8648
8649
8650
8651
8653
8656
8657
8658
8660
8661
8663
8665
8666
8667
8668
8669
8670
8671
8672
8674
8675
8676
8677
8678
8679
8680
8681
8682
8697
8707
8709
8710
8711
8712
8713
8725
8727
8729
8734
8735
8736
8746
8753
8754
8762
8766
8771
8772
8775
8776
8783
8788
8791
8792
8793
8795
8797
8801
8802
8810
8811
8814
8819
8820
8823
8826
8827
8829
8831
8851
8855
8856
8858
8862
8871
8874
8875
8880
8884
8889
8891
8903
8905
8907
8908
8909
8926
8930
8936
8937
8938
8945
8946
8949
8951
8952
8953
8954
8955
8957
8958
8959
8965
8966
8967
8970
8972
8973
8979
8983
8987
8989
8990
8996
9013
9015
9026
9027
9046
9047
9051
9057
9059
9060
9061
9062
9063
9065
9066
9068
9074
9075
9076
9077
9078
9080
9081
9082
9083
9085
9086
9087
9088
9089
9091
9092
9093
9096
9097
9098
9099
9100
9102
9103
9105
9106
9107
9108
9109
9110
9111
9112
9118
9133
9134
9140
9160
9170
9182
9196
9198
9199
9200
9202
9208
9209
9211
9212
9214
9217
9220
9221
9222
9225
9226
9228
9229
9230
9231
9233
9235
9236
9241
9242
9244
9246
9247
9248
9249
9250
9252
9253
9254
9256
9257
9260
9261
9262
9263
9264
9267
9268
9270
9271
9273
9277
9279
9281
9282
9283
9287
9289
9291
9292
9293
9294
9299
9300
9305
9306
9307
9310
9311
9312
9313
9314
9317
9320
9322
9323
9324
9329
9336
9344
9347
9348
9351
9353
9354
9356
9357
9361
9368
9369
9370
9371
9372
9374
9375
9376
9377
9378
9379
9380
9381
9382
9383
9384
9385
9387
9388
9389
9390
9391
9392
9393
9394
9395
9396
9397
9398
9399
9403
9412
9413
9416
9420
9426
9427
9428
9429
9430
9434
9438
9442
9448
9449
9450
9452
9463
9472
9484
9486
9492
9495
9499
9508
9510
9512
9523
9527
9532
9539
9543
9548
9550
9552
9556
9557
9561
9563
9564
9567
9568
9569
9573
9576
9579
9582
9584
9585
9586
9587
9589
9592
9593
9594
9595
9597
9598
9605
9607
9608
9610
9615
9617
9618
9619
9620
9621
9622
9624
9627
9628
9631
9632
9633
9634
9637
9640
9642
9644
9647
9652
9654
9655
9664
9667
9675
9677
9679
9680
9681
9682
9683
9685
9690
9693
9697
9698
9700
9701
9702
9707
9708
9709
9725
9728
9733
9734
9737
9752
9754
9757
9758
9759
9760
9762
9763
9764
9766
9767
9768
9769
9770
9771
9772
9773
9775
9776
9777
9779
9780
9781
9783
9784
9788
9789
9790
9791
9792
9793
9794
9795
9797
9798
9799
9800
9801
9802
9804
9807
9808
9810
9811
9812
9816
9818
9820
9821
9823
9824
9825
9826
9827
9830
9831
9832
9833
9834
9835
9836
9837
9838
9841
9842
9843
9844
9846
9847
9848
9849
9850
9851
9853
9854
9855
9856
9859
9862
9863
9865
9869
9870
9872
9873
9874
9875
9878
9879
9883
9884
9885
9886
9891
9893
9895
9896
9897
9898
9899
9900
9903
9904
9911
9914
9918
9922
9923
9924
9925
9933
9937
9938
9939
9942
9943
9944
9945
9947
9948
9950
9953
9955
9964
9965
9967
9968
9969
9970
9971
9972
9973
9974
9976
9977
9978
9979
9980
9981
9983
9984
9985
9986
9987
9988
9989
9990
9991
9992
9993
9994
9995
9996
9997
9998
9999
10000
10001
10002
10003
10004
10005
10006
10007
10008
10009
10010
10011
10013
10014
10015
10016
10017
10018
10019
10021
10024
10025
10026
10033
10034
10039
10040
10045
10046
10048
10049
10050
10052
10055
10056
10057
10059
10060
10062
10064
10065
10066
10067
10076
10085
10088
10089
10090
10091
10095
10096
10098
10103
10108
10120
10126
10132
10133
10136
10141
10142
10153
10156
10159
10165
10169
10174
10180
10184
10189
10192
10193
10206
10207
10208
10223
10226
10244
10245
10252
10257
10262
10269
10272
10273
10275
10276
10277
10279
10280
10281
10283
10284
10288
10289
10290
10291
10295
10301
10302
10306
10312
10319
10320
10321
10322
10325
10329
10333
10336
10340
10342
10343
10347
10348
10351
10352
10353
10354
10357
10369
10372
10373
10374
10376
10378
10387
10391
10392
10394
10396
10397
10409
10410
10412
10414
10418
10420
10423
10424
10426
10428
10432
10437
10438
10441
10442
10443
10444
10446
10447
10448
10450
10452
10457
10458
10460
10461
10463
10469
10470
10471
10472
10479
10480
10482
10483
10485
10486
10487
10488
10490
10492
10494
10495
10496
10497
10498
10500
10501
10506
10508
10509
10511
10512
10514
10515
10517
10518
10521
10523
10525
10526
10527
10529
10531
10532
10533
10538
10540
10541
10542
10543
10545
10546
10547
10548
10549
10550
10551
10552
10553
10554
10604
10609
10614
10618
10619
10620
10627
10628
10631
10632
10636
10637
10639
10640
10641
10646
10649
10652
10657
10659
10660
10664
10665
10668
10670
10695
10696
10698
10699
10703
10704
10705
10706
10709
10710
10713
10714
10717
10719
10720
10726
10728
10730
10731
10732
10733
10734
10735
10736
10737
10739
10740
10744
10746
10747
10748
10751
10752
10756
10757
10758
10765
10767
10768
10776
10777
10778
10779
10781
10782
10784
10791
10797
10798
10799
10801
10802
10803
10805
10806
10808
10809
10810
10814
10815
10816
10826
10830
10831
10835
10842
10843
10845
10847
10860
10871
10875
10883
10884
10895
10896
10898
10899
10900
10901
10902
10903
10906
10907
10908
10909
10910
10911
10912
10913
10914
10915
10916
10917
10918
10920
10921
10922
10924
10925
10927
10929
10930
11023
11026
11030
11036
11037
11055
11056
11057
11061
11064
11066
11067
11068
11069
11070
11071
11073
11074
11075
11076
11077
11078
11079
11080
11081
11082
11083
11084
11085
11087
11088
11089
11090
11091
11092
11093
11094
11095
11096
11097
11098
11099
11100
11101
11102
11103
11106
11108
11109
11118
11122
11123
11124
11125
11126
11131
11132
11134
11136
11137
11138
11139
11140
11144
11146
11147
11148
11149
11150
11151
11153
11154
11155
11156
11158
11162
11163
11164
11166
11167
11168
11170
11171
11172
11173
11174
11175
11177
11179
11180
11181
11182
11183
11184
11186
11187
11188
11189
11191
11192
11193
11194
11195
11196
11199
11200
11201
11203
11206
11207
11209
11210
11211
11212
11213
11214
11216
11217
11218
11221
11222
11223
11224
11225
11226
11228
11229
11230
11232
11233
11234
11235
11236
11237
11238
11239
11240
11241
11242
11243
11244
11245
11246
11247
11248
11249
11250
11251
11252
11253
11254
11255
11256
11257
11258
11259
11261
11262
11263
11264
11265
11266
11267
11269
11272
11273
11274
11275
11276
11277
11279
11281
11282
11284
11285
11288
11289
11290
11291
11292
11293
11294
11295
11296
11297
11298
11299
11300
11301
11302
11303
11305
11306
11307
11308
11309
11310
11311
11312
11313
11314
11315
11316
11317
11318
11319
11321
11323
11324
11325
11326
11327
11328
11329
11331
11332
11333
11334
11339
11340
11342
11344
11345
11346
11347
11348
11349
11350
11352
11353
11354
11355
11356
11357
11358
11359
11360
11361
11362
11363
11364
11365
11366
11367
11368
11369
11370
11371
11372
11373
11375
11376
11377
11378
11379
11380
11381
11382
11383
11384
11385
11389
11391
11392
11393
11394
11395
11398
11400
11401
11402
11404
11405
11406
11407
11408
11417
11421
11422
11425
11426
11428
11429
11430
11431
11433
11435
11436
11437
11438
11439
11441
11443
11444
11446
11450
11454
11456
11462
11468
11469
11475
11479
11484
11485
11490
11492
11495
11496
11498
11500
11521
11522
11523
11524
11525
11526
11527
11528
11529
11539
11540
11541
11542
11543
11544
11545
11546
11547
11562
11563
11564
11565
11566
11568
11569
11570
11571
11572
11573
11575
11576
11577
11578
11620
11655
11661
11680
11681
11682
11684
11685
11686
11688
11723
11724
11727
11728
11730
11731
11732
11735
11736
11737
11738
11740
11741
11742
11743
11746
11748
11749
11750
11751
11752
11753
11754
11755
11756
11757
11758
11760
11766
11767
11768
11769
11771
11772
11780
11781
11782
11783
11785
11786
11787
11788
11789
11790
11797
11800
11802
11809
11811
11812
11813
11814
11816
11817
11818
11820
11821
11825
11928
11930
11940
11986
11988
11990
11991
11993
11996
11997
11998
12001
12002
12003
12005
12007
12009
12010
12011
12012
12014
12017
12018
12019
12021
12024
12027
12028
12029
12031
12033
12034
12036
12037
12038
12039
12040
12042
12045
12046
12047
12048
12049
12050
12051
12052
12054
12055
12059
12061
12062
12063
12064
12066
12067
12068
12070
12071
12072
12073
12074
12076
12077
12078
12079
12080
12081
12082
12084
12085
12086
12088
12089
12090
12091
12092
12093
12094
12095
12096
12097
12098
12099
12100
12101
12102
12103
12104
12105
12106
12108
12109
12110
12112
12114
12115
12116
12117
12120
12121
12129
12131
12134
12136
12137
12139
12140
12141
12143
12144
12145
12148
12149
12151
12152
12153
12158
12159
12162
12163
12164
12165
12169
12171
12178
12179
12181
12183
12194
12199
12202
12203
12205
12212
12216
12217
12220
12221
12222
12226
12227
12228
12235
12248
12249
12255
12264
12266
12270
12277
12279
12284
12286
12287
12288
12289
12293
12300
12304
12317
12318
12320
12347
12348
12375
12380
12392
12393
12396
12397
12398
12399
12400
12402
12403
12404
12406
12415
12416
12417
12421
12444
12445
12446
12515
12520
12521
12524
12527
12528
12531
12532
12534
12541
12546
12548
12549
12569
12570
12576
12578
12579
12581
12624
12698
12703
12704
12713
12714
12715
12716
12718
12719
12720
12721
12722
12723
12724
12725
12726
12727
12728
12729
12730
12731
12732
12733
12735
12736
12737
12738
12739
12740
12741
12742
12743
12744
12745
12746
12747
12748
12749
12750
12751
12752
12753
12754
12756
12757
12759
12760
12761
12762
12763
12764
12765
12766
12767
12769
12770
12774
12784
12791
12796
12798
12802
12810
12812
12813
12815
12817
12818
12820
12821
12823
12824
12825
12826
12827
12828
12829
12831
12833
12834
12836
12837
12838
12839
12842
12843
12844
12845
12846
12847
12848
12851
12852
12853
12855
12856
12857
12858
12860
12861
12862
12863
12864
12865
12867
12872
12876
12877
12878
12880
12882
12883
12884
12886
12888
12895
12899
12913
12917
12918
12929
12930
12933
12935
12936
12957
12958
12978
12980
12981
12982
12985
12986
12987
12989
12990
12991
12992
12993
12994
12995
12996
12997
12998
12999
13000
13001
13002
13003
13004
13005
13006
13007
13009
13010
13011
13012
13013
13014
13015
13016
13018
13019
13020
13021
13022
13023
13024
13025
13026
13027
13028
13029
13031
13032
13033
13034
13035
13036
13037
13038
13039
13040
13041
13042
13043
13044
13045
13046
13047
13048
13050
13053
13054
13055
13056
13057
13058
13059
13061
13062
13063
13064
13066
13067
13068
13069
13070
13071
13072
13073
13074
13075
13076
13077
13078
13079
13080
13081
13082
13083
13084
13085
13086
13087
13088
13089
13090
13091
13092
13096
13097
13098
13099
13100
13101
13102
13103
13104
13105
13106
13108
13109
13110
13111
13112
13113
13114
13116
13117
13118
13122
13124
13125
13126
13127
13128
13129
13130
13131
13132
13133
13134
13135
13136
13137
13138
13140
13141
13142
13143
13144
13146
13147
13148
13149
13150
13152
13153
13154
13155
13156
13158
13159
13160
13161
13162
13163
13164
13165
13166
13167
13168
13169
13170
13171
13172
13173
13174
13175
13176
13177
13178
13179
13180
13181
13182
13183
13184
13185
13186
13187
13223
13225
13226
13231
13234
13235
13237
13239
13240
13241
13242
13243
13244
13245
13246
13247
13249
13250
13251
13252
13253
13256
13257
13262
13269
13274
13277
13280
13281
13282
13283
13285
13295
13296
13297
13301
13304
13443
13550
13551
13553
13554
13555
13564
13566
13571
13572
13576
13577
13578
13580
13592
13594
13595
13604
13605
13606
13607
13609
13614
13619
13620
13624
13625
13626
13631
13635
13637
13642
13644
13652
13658
13659
13664
13665
13666
13667
13669
13679
13680
13682
13691
13699
13733
13768
13769
13771
13782
13783
13784
13785
13786
13791
13846
13873
13892
13893
13896
13897
13899
13900
13921
13922
13925
13939
13960
13977
13981
13995
14014
14031
14032
14041
14045
14075
14080
14088
14100
14102
14103
14106
14114
14119
14132
14153
14161
14174
14176
14185
14197
14207
14211
14218
14221
14224
14240
14241
14242
14243
14244
14245
14246
14248
14249
14250
14251
14252
14253
14254
14255
14260
14261
14262
14264
14265
14269
14272
14275
14277
14278
14280
14283
14284
14285
14296
14297
14298
14299
14309
14310
14313
14315
14316
14317
14320
14321
14323
14324
14325
14326
14328
14329
14333
14335
14368
14381
14386
14404
14435
14440
14442
14443
14447
14450
14452
14456
14462
14463
14467
14468
14469
14471
14474
14479
14483
14500
14512
14516
14526
14527
14528
14530
14531
14532
14533
14534
14535
14536
14537
14538
14539
14542
14543
14544
14552
14555
14556
14557
14561
14565
14566
14567
14568
14569
14571
14572
14579
14580
14582
14590
14591
14592
14593
14594
14596
14601
14603
14605
14606
14607
14608
14616
14757
14761
14786
14789
14827
15043
15555
16050
16083
16231
16232
16360
16362
16363
16364
16365
16373
16377
16406
16421
16422
16435
16439
16449
16494
16521
16526
16541
16544
16545
16546
16550
16555
16562
16584
16595
16599
16618
16625
16626
16636
16663
16664
16676
16684
16714
16727
16728
16738
16759
16772
16775
16782
16787
16812
16817
16818
16820
16822
16826
16865
16876
16877
16879
16884
16897
16928
16932
16934
16946
16952
16953
16957
16965
16968
16974
16976
16983
16985
16989
16991
16999
17018
17027
17037
17048
17049
17050
17051
17052
17053
17054
17055
17056
17058
17062
17063
17064
17065
17066
17068
17069
17070
17071
17072
17073
17074
17076
17077
17079
17080
17081
17082
17083
17090
17091
17094
17097
17100
17101
17102
17103
17104
17116
17118
17124
17126
17128
17130
17131
17132
17213
17261
17321
17324
17325
17326
17328
17329
17330
17331
17332
17333
17334
17337
17348
17349
17350
17352
17354
17355
17360
17361
17363
17368
17369
17372
17373
17375
17376
17378
17387
17392
17393
17394
17395
17401
17402
17405
17414
17417
17418
17419
17437
17438
17439
17441
17442
17451
17458
17500
17502
17503
17505
17527
17529
17530
17531
17532
17533
17534
17535
17551
17563
17581
17582
17606
17616
17620
17657
17660
17662
17665
17666
17667
17668
17669
17670
17671
17673
17674
17680
17681
17682
17687
17712
17715
17719
17724
17726
17729
17731
17735
17736
17738
17739
17740
17741
17742
17744
17745
17747
17748
17757
17768
17772
17773
17774
17775
17791
17792
17793
17794
17795
17796
17797
17798
17800
17801
17802
17804
17806
17807
17810
17811
17812
17814
17816
17817
17819
17821
17823
17827
17829
17832
17835
17842
17843
17844
17845
17847
17848
17850
17851
17857
17861
17862
17865
17869
17870
17871
17872
17874
17878
17879
17881
17882
17883
17885
17894
17898
17900
17901
17903
17904
17905
17908
17916
18007
18085
18089
18091
18098
18100
18102
18103
18106
18108
18111
18115
18116
18118
18122
18124
18128
18144
18146
18147
18152
18159
18162
18169
18176
18192
18194
18197
18222
18251
18252
18254
18257
18259
18260
18261
18262
18263
18264
18265
18267
18268
18269
18270
18272
18273
18274
18275
18276
18277
18278
18279
18280
18281
18282
18283
18285
18287
18294
18315
18318
18328
18332
18337
18338
18339
18353
18381
18428
18493
18562
18567
18568
18569
18570
18571
18604
18605
18606
18607
18608
18609
18610
18611
18612
18632
18641
18645
18667
18686
18795
19065
19188
19199
19225
19228
19230
19233
19234
19235
19236
19237
19298
19449
19482
19542
20364
20555
20561
20562
20578
20583
20587
20588
20589
20590
20591
20593
20594
20638
20641
20642
20643
20647
20650
20687
20699
20761
20762
20763
20764
20766
20769
20770
20771
20772
20773
20824
20854
20855
20859
20860
20861
20866
20868
20869
20870
20872
20875
20876
20878
20879
20881
20882
20891
20892
20907
20937
20944
20948
20949
20961
20966
20970
20973
20979
20983
20985
20986
20989
20990
21011
21017
21102
21104
21105
21107
21108
21113
21315
21473
21474
21475
21476
21477
21478
21479
21481
21482
21483
21484
21485
21486
21487
21488
21489
21491
21493
21494
21495
21496
21498
21499
21500
21501
21502
21503
21504
21505
21506
21507
21508
21509
21510
21511
21512
21513
21514
21515
21516
21517
21518
21519
21520
21521
21522
21523
21524
21525
21526
21527
21528
21529
21530
21536
21537
21538
21539
21540
21542
21543
21544
21545
21546
21547
21549
21550
21551
21552
21553
21554
21556
21557
21559
21560
21561
21562
21563
21564
21565
21566
21567
21568
21569
21570
21571
21574
21575
21576
21577
21578
21579
21580
21581
21582
21584
21585
21586
21587
21588
21589
21590
21592
21593
21595
21596
21597
21598
21599
21600
21601
21602
21603
21604
21605
21607
21608
21609
21610
21611
21613
21614
21615
21618
21619
21623
21626
21627
21628
21629
21633
21634
21635
21638
21639
21640
21641
21642
21643
21644
21646
21647
21650
21654
21659
21660
21662
21663
21664
21670
21672
21673
21676
21677
21678
21680
21681
21684
21685
21687
21688
21690
21691
21692
21693
21696
21700
21701
21702
21703
21709
21710
21712
21713
21714
21715
21716
21719
21720
21721
21723
21724
21729
21730
21731
21735
21739
21741
21743
21744
21747
21751
21753
21759
21760
21761
21765
21766
21767
21769
21770
21771
21772
21780
21781
21782
21783
21784
21785
21786
21788
21791
21792
21794
21795
21796
21797
21799
21800
21801
21802
21803
21804
21805
21807
21808
21809
21810
21812
21813
21814
21815
21816
21817
21818
21819
21821
21822
21823
21840
21841
21843
21848
21877
21944
22002
22053
22273
22274
22301
22334
22340
22341
22347
22362
22364
22367
22371
22381
22387
22391
22396
22397
22418
22526
22547
22549
22551
22565
22566
22567
22579
22592
22593
22615
22623
22640
22642
22643
22644
22645
22647
22648
22649
22650
22651
22653
22654
22657
22659
22664
22665
22666
22667
22668
22669
22676
22678
22707
22712
22720
22721
22726
22748
22749
22750
22756
22769
22771
22788
22793
22797
22798
22799
22800
22804
22808
22812
22817
22821
22823
22828
22835
22842
22848
22852
22853
22855
22859
22860
22862
22867
22868
22869
22870
22872
22874
22876
22877
22881
22882
22883
22884
22885
22886
22888
22889
22890
22891
22892
22895
22910
22912
22915
22916
22918
22921
22922
22928
22934
22949
22950
22951
22991
22992
22993
23001
23018
23023
23067
23068
23069
23071
23072
23073
23074
23075
23076
23077
23078
23079
23080
23082
23083
23087
23088
23100
23101
23102
23103
23118
23119
23120
23137
23138
23139
23140
23141
23142
23143
23144
23156
23163
23177
23193
23230
23235
23307
23349
23358
23361
23405
23408
23415
23422
23423
23424
23427
23578
23579
23582
23584
23585
23586
23587
23588
23589
23590
23591
23593
23594
23595
23596
23598
23599
23600
23603
23604
23606
23607
23608
23610
23611
23612
23613
23614
23618
23619
23621
23622
23623
23624
23625
23626
23627
23628
23629
23630
23631
23632
23634
23635
23636
23640
23644
23645
23646
23647
23649
23652
23653
23654
23657
23659
23660
23661
23667
23668
23669
23670
23671
23672
23674
23675
23677
23678
23679
23680
23683
23684
23685
23686
23687
23688
23691
23692
23694
23695
23696
23700
23708
23718
23735
23737
23741
23743
23745
23757
23764
23765
23769
23774
23775
23777
23785
23787
23788
23789
23790
23794
23798
23799
23802
23833
23834
23839
23842
23849
24229
24831
25011
25782
25783
25787
25791
25793
25794
25800
25803
25814
25815
25837
25841
25846
25851
25863
25864
25868
25873
25881
25946
25950
25955
25976
26001
26006
26033
26039
26047
26075
26094
26097
26099
26102
26106
26108
26111
26112
26113
26114
26140
26141
26142
26183
26209
26217
26230
26237
26252
26302
26317
26324
26332
26333
26336
26337
26338
26339
26341
26343
26345
26349
26350
26351
26353
26356
26359
26365
26366
26370
26373
26378
26382
26383
26385
26389
26390
26395
26421
26423
26424
26425
26426
26428
26429
26430
26432
26435
26437
26440
26441
26443
26449
26450
26452
26456
26458
26460
26461
26462
26463
26464
26465
26467
26468
26469
26470
26471
26473
26474
26481
26484
26487
26488
26489
26490
26495
26497
26500
26501
26504
26505
26507
26510
26514
26517
26520
26523
26525
26527
26531
26533
26535
26536
26537
26538
26539
26540
26541
26542
26545
26548
26549
26550
26551
26552
26553
26554
26556
26557
26558
26559
26560
26561
26562
26563
26564
26565
26566
26567
26568
26569
26572
26574
26575
26576
26577
26578
26579
26581
26582
26583
26584
26585
26586
26588
26591
26592
26595
26641
26647
26654
26655
26658
26660
26662
26664
26665
26668
26669
26670
26674
26675
26676
26677
26678
26680
26696
26697
26707
26710
26713
26716
26719
26722
26723
26726
26730
26731
26733
26735
26738
26740
26741
26742
26743
26745
26746
26747
26750
26754
26758
26764
26768
26776
26802
26803
26808
26813
26816
26823
26842
26844
26851
26857
26861
26862
26863
26864
26865
26866
26871
26872
26874
26875
26876
26877
26878
26883
26884
26886
26887
26889
26890
26891
26892
26893
26894
26895
26906
26918
26919
26920
26921
26922
26923
26924
26925
26926
26929
26961
26985
26986
26988
27083
27084
27085
27086
27087
27088
27089
27090
27091
27092
27093
27094
27095
27096
27097
27098
27099
27100
27101
27102
27103
27104
27105
27106
27107
27112
27194
27247
27248
27254
27820
28040
28100
28107
28112
28113
28114
28115
28168
28170
28171
28172
28173
28174
28175
28181
28182
28183
28237
28453
28740
28851
28853
28925
29031
29120
29289
29344
29413
29428
29449
29458
29464
29466
29481
29509
29511
29555
29558
29559
29560
29561
29563
29566
29569
29570
29574
29575
29577
29591
29596
29600
29601
29604
29605
29613
29617
29639
29651
29653
29674
29675
29676
29677
29699
29701
29702
29703
29704
29705
29707
29708
29709
29710
29711
29712
29713
29714
29715
29716
29719
29720
29721
29722
29723
29724
29725
29726
29727
29728
29729
29732
29734
29735
29736
29737
29738
29739
29741
29742
29743
29744
29745
29746
29747
29749
29750
29751
29752
29766
29767
29768
29769
29770
29771
29772
29773
29774
29775
29776
29777
29778
29779
29780
29781
29782
29783
29785
29786
29789
29790
29793
29794
29796
29802
29805
29814
29830
29847
29848
29852
29857
29858
29859
29862
29863
29864
29865
29866
29867
29868
29871
29876
29877
29878
29879
29881
29882
29883
29884
29888
29892
29895
29897
29898
29900
29902
29903
29904
29909
29910
29911
29915
29922
29932
29933
29937
29940
29942
29948
29951
29952
29953
29954
29957
29958
29959
29960
29961
29967
29972
29976
29979
29982
29984
29986
29988
29991
30001
30002
30003
30004
30005
30006
30007
30008
30009
30010
30012
30013
30014
30015
30016
30017
30018
30020
30021
30022
30023
30024
30025
30026
30027
30029
30030
30031
30032
30033
30034
30035
30036
30037
30038
30039
30040
30041
30042
30043
30044
30045
30046
30047
30048
30049
30050
30051
30052
30053
30054
30055
30056
30057
30058
30059
30060
30061
30062
30063
30064
30065
30066
30067
30068
30069
30070
30071
30072
30073
30074
30075
30076
30078
30079
30080
30081
30082
30083
30084
30085
30086
30087
30088
30089
30090
30091
30092
30093
30094
30095
30096
30097
30098
30099
30100
30101
30102
30103
30104
30105
30106
30107
30108
30109
30110
30111
30112
30113
30114
30115
30116
30117
30118
30119
30120
30121
30122
30123
30124
30125
30126
30127
30128
30129
30130
30131
30132
30133
30134
30135
30136
30137
30138
30139
30140
30141
30142
30143
30144
30145
30146
30147
30148
30149
30150
30151
30152
30153
30154
30156
30157
30158
30159
30160
30161
30162
30163
30164
30165
30166
30173
30240
30242
30243
30246
30248
30255
30256
30257
30259
30266
30267
30271
30272
30275
30277
30278
30281
30287
30291
30294
30305
30306
30310
30312
30314
30315
30317
30324
30327
30340
30341
30346
30358
30361
30368
30373
30375
30384
30386
30388
30399
30427
30429
30432
30435
30446
30479
30480
30482
30483
30484
30487
30488
30500
30502
30503
30504
30505
30506
30507
30515
30516
30518
30519
30522
30526
30528
30531
30543
30552
30558
30574
30584
30586
30587
30592
30594
30601
30606
30609
30617
30620
30621
30622
30623
30625
30626
30628
30631
30644
30646
30648
30652
30657
30665
30673
30696
30700
30718
30725
30731
30733
30738
30739
30741
30743
30744
30750
30760
30769
30774
30790
30797
30798
30800
30810
30811
30813
30821
30822
30823
30828
30833
30834
30836
30842
30846
30847
30850
30855
30856
30858
30862
30863
30866
30868
30869
30870
30871
30873
30874
30877
30882
30885
30887
30888
30889
30897
30898
30899
30900
30901
30903
30907
30908
30910
30911
30912
30914
30915
30916
30917
30918
30919
30920
30921
30924
30925
30926
30927
30928
30929
30930
30935
30944
30945
30948
30955
30956
31061
31064
31067
31068
31069
31072
31076
31077
31079
31080
31083
31084
31086
31088
31205
31209
31215
31219
31221
31225
31226
31227
31228
31234
31235
31236
31237
31238
31239
31241
31245
31246
31248
31249
31251
31252
31254
31256
31258
31259
31260
31261
31267
31270
31271
31274
31280
31283
31285
31287
31288
31292
31294
31295
31297
31303
31304
31307
31316
31318
31321
31324
31341
31343
31348
31349
31350
31356
31360
31363
31364
31366
31370
31371
31372
31373
31375
31378
31379
31381
31382
31448
31457
31465
31468
31471
31475
31485
31489
31504
31507
31513
31514
31563
31564
31566
31573
32150
32181
32184
32193
32194
32195
32196
32197
32254
32381
32384
32476
32528
32535
32674
32881
34562
34886
35073
35074
35077
35083
35096
35097
35100
35101
35104
35111
35115
35118
35120
35143
35155
35182
35261
35276
35312
35356
35453
35622
35723
35760
35888
36031
36040
36041
36042
36043
36046
36047
36051
36055
36056
36066
36070
36072
36073
36074
36075
36076
36077
36079
36080
36081
36082
36083
36085
36086
36087
36088
36091
36095
36096
36097
36098
36102
36103
36104
36105
36106
36107
36110
36111
36112
36113
36114
36115
36116
36118
36120
36123
36124
36125
36126
36127
36128
36129
36130
36147
36148
36149
36150
36151
36153
36154
36155
36156
36157
36158
36159
36160
36162
36163
36165
36166
36168
36170
36172
36173
36176
36181
36185
36190
36191
36192
36193
36194
36195
36322
36323
36328
36330
36339
36341
36344
36348
36349
36356
36357
36359
36360
36361
36366
36367
36375
36379
36381
36382
36383
36384
36385
36386
36387
36389
36390
36391
36392
36394
36395
36396
36397
36398
36399
36400
36401
36402
36403
36404
36405
36406
36407
36409
36410
36411
36412
36413
36414
36415
36417
36422
36423
36424
36427
36428
36429
36431
36432
36433
36434
36436
36438
36439
36440
36441
36442
36446
36475
36493
36496
36497
36499
36500
36501
36502
36503
36504
36505
36506
36511
36512
36515
36516
36525
36526
36527
36529
36530
36533
36534
36536
36537
36538
36539
36540
36541
36542
36543
36545
36546
36549
36550
36551
36552
36553
36554
36555
36557
36558
36559
36560
36561
36563
36565
36566
36567
36569
36570
36571
36572
36573
36575
36576
36577
36578
36580
36581
36582
36612
36615
36616
36617
36624
36626
36944
36949
36950
36951
36954
36957
36970
36971
36972
36973
36974
36975
36976
36977
36988
36990
36991
36993
36994
36996
36997
36998
36999
37000
37001
37002
37003
37004
37005
37007
37008
37009
37010
37011
37012
37013
37015
37016
37017
37018
37019
37020
37022
37024
37025
37026
37027
37029
37030
37031
37032
37033
37037
37041
37043
37045
37046
37048
37051
37052
37054
37056
37057
37059
37060
37063
37064
37065
37066
37067
37071
37162
37166
37174
37311
37325
37326
37327
37333
37338
37339
37340
37342
37343
37344
37345
37346
37347
37348
37349
37350
37361
37369
37370
37372
37376
37377
37379
37380
37381
37382
37383
37416
37417
37419
37421
37422
37425
37426
37427
37429
37431
37433
37435
37436
37437
37454
37455
37456
37458
37460
37461
37466
37468
37469
37471
37473
37475
37476
37477
37478
37481
37482
37483
37484
37486
37487
37488
37489
37491
37492
37494
37528
37529
37530
37531
37532
37535
37537
37538
37540
37541
37542
37543
37545
37547
37548
37549
37550
37551
37552
37553
37554
37555
37558
37559
37560
37561
37562
37563
37566
37567
37568
37569
37571
37572
37573
37576
37578
37579
37580
37582
37584
37585
37586
37587
37588
37590
37591
37592
37593
37595
37596
37602
37603
37604
37606
37610
37611
37612
37613
37614
37615
37616
37618
37620
37624
37626
37630
37631
37632
37633
37634
37635
37636
37637
37638
37639
37642
37644
37647
37648
37649
37650
37651
37652
37653
37654
37659
37660
37666
37667
37670
37673
37674
37676
37678
37679
37680
37682
37683
37686
37687
37690
37691
37692
37693
37696
37697
37698
37699
37700
37702
37704
37705
37713
37716
37717
37718
37719
37720
37721
37722
37724
37726
37727
37728
37729
37731
37732
37736
37737
37738
37741
37742
37743
37746
37747
37748
37755
37757
37769
37771
37774
37775
37776
37777
37778
37779
37780
37781
37782
37783
37784
37791
37793
37795
37796
37798
37799
37800
37802
37803
37804
37805
37806
37816
37817
37823
37824
37826
37827
37831
37834
37837
37886
37972
37973
37987
37996
37998
38000
38007
38011
38014
38020
38025
38031
38032
38033
38039
38049
38050
38056
38058
38067
38068
38071
38075
38076
38080
38085
38086
38091
38092
38093
38095
38099
38100
38103
38104
38107
38112
38114
38121
38131
38133
38146
38149
38152
38154
38155
38157
38158
38159
38160
38161
38162
38171
38182
38183
38184
38185
38186
38188
38189
38190
38191
38193
38194
38202
38209
38212
38213
38218
38219
38726
38740
39268
73348
73350
73353
73354
95526
95543
95557
95559
95560
95562
95563
95564
95565
95566
95567
95569
95570
95571
95574
95575
95576
95577
95578
95580
95581
95583
95584
95585
95586
95590
95660
95661
95662
95663
95665
95666
95667
95668
95669
95670
95671
95672
95673
95674
95675
95676
95677
95678
95679
95680
95681
95682
95683
95684
95685
95686
95692
95695
95696
95700
95735
95829
95843
95844
95845
95860
95861
95864
95865
95866
95991
95992
96159
96160
96165
96173
96174
96175
96176
96177
96178
96179
96180
96228
96229
96230
96231
96232
96233
96234
96235
96236
96237
96238
96239
96240
96241
96242
96243
96244
96245
96246
96247
96248
96249
96250
96251
96252
96254
96257
96259
96262
96264
96265
96269
96270
96271
96272
96276
96277
96278
96283
96296
96298
96299
96301
96307
96328
96329
96333
96334
96335
96336
96337
96338
96450
96451
96452
96453
96454
96455
96456
96457
96458
96459
96460
96461
96462
96463
96464
96465
96466
96467
96468
96469
96470
96471
96472
96473
96474
96475
96476
96477
96478
96479
96480
96481
96482
96483
96484
96485
96486
96487
96488
96489
96490
96491
96492
96493
96494
96495
96496
96497
96498
96500
96501
96502
96503
96504
96505
96506
96508
96509
96510
96511
96512
96513
96514
96515
96516
96517
96518
96519
96520
96521
96522
96523
96524
96525
96526
96527
96529
96530
96531
96532
96533
96534
96535
96536
96537
96538
96539
96540
96541
96542
96546
96547
96548
96549
96550
96551
96556
96557
96559
96602
96603
96604
96605
96606
96607
96608
96609
96610
96611
96612
96613
96615
96616
96617
96618
96629
96720
96721
96722
96734
96753
96768
96770
96782
96783
96784
96785
96786
96787
96788
96789
96842
96844
96845
96848
96849
96850
96851
96852
96853
96854
96855
96856
96857
96858
96868
96875
96876
96878
96879
96881
96882
96917
96918
96922
96924
96925
96926
96927
96928
96930
96931
96939
96948
96955
96956
96958
96963
96964
96966
97799
97802
97803
97804
97806
97808
97809
97927
97928
97932
97933
97958
97978
98083
98084
98086
98087
98088
98089
98093
98096
98119
98121
98123
98124
98126
98127
98135
98137
98138
98139
98141
105571
115098
115119
115120
115121
115122
115123
115124
115125
115127
115128
115129
115130
115131
115132
115133
115134
117134
117135
117137
117359
117360
117361
117366
119492
120139
120141
120143
120145
120146
120922
121373
121374
121375
121376
121378
121380
121381
121382
122091
122096
122142
122170
122171
122173
122187
122231
122232
122234
122235
122236
122237
122255
122256
122257
122258
122392
122393
122394
122396
122397
122400
122401
122402
122405
122406
122409
123510
123511
123581
123608
123656
123658
123659
123660
123661
123662
123663
123664
123665
123666
123667
123668
123669
123671
123672
123685
124334
124335
124336
124338
124358
124365
124590
124754
124755
124909
124910
127654
127656
127657
127660
127663
127668
127669
127671
127677
127698
127700
127703
127708
127709
127710
127711
127713
127715
127717
130550
130963
130964
131003
131336
131520
131521
132374
132385
132387
132388
132391
132392
132393
132394
132397
132403
132406
132410
132412
132414
132415
132416
132424
132425
132427
132428
132429
132434
132443
132514
132515
132516
132517
132518
132519
132524
132527
132530
132617
132618
132619
132620
132962
132963
132964
132965
132970
132971
132972
132973
132974
133350
133357
133358
133359
133360
133362
133363
133364
133365
133366
133367
133368
133369
133370
133371
133372
133374
133375
133376
133377
133379
133380
133381
133386
133395
133397
133411
133412
133413
133415
133416
133417
133419
142136
142167
142182
142186
142264
143157
143158
143160
143162
143164
143165
143167
143170
143640
143911
144113
144114
144222
145166
145168
145171
145172
145203
145204
145205
145206
145209
145210
145211
145212
145333
145334
145376
145410
145411
145421
145422
145423
145424
145425
145426
145427
145428
145429
145430
145431
145432
145433
145434
145435
146126
146127
146418
147062
147064
147065
147066
147072
147073
147089
147090
147091
147093
147094
147095
147096
147097
147098
147099
147104
147311
147312
147313
147315
147320
147374
147594
147597
147603
147656
147657
147658
147659
147660
147661
147662
147663
147665
147666
147668
147669
147670
147671
147673
147674
147675
147811
147812
147909
147912
147913
147914
147927
148082
148083
148084
148091
148095
148096
148097
148181
148271
148486
148529
148530
148531
148532
148533
148534
148535
148536
148537
148538
148539
148540
148870
148883
148896
149015
149016
149213
149481
149482
149483
149485
149697
149871
149872
149873
149874
149875
150303
150304
150305
150481
150578
150599
150600
150601
150639
150676
150846
150934
150935
150936
150937
150938
150939
150958
150960
150961
150962
150963
150964
150966
150967
150969
151007
151008
151009
151010
151012
151013
151015
151016
151017
151018
151019
151020
151039
151040
151045
151099
151100
151103
151109
151110
151111
151112
151113
151114
151115
151116
151117
151118
151119
151120
151121
151122
151123
151124
151125
151126
151127
151128
151129
151130
151131
151132
151133
151134
151135
151136
151137
151138
151140
151141
151142
151143
151144
151146
151147
151148
151152
151153
151154
151155
151156
151157
151158
151159
151160
151161
151162
151163
151164
151165
151166
151167
151168
151169
151171
151173
151177
151178
151179
151180
151181
151182
151183
151185
151187
151196
151200
151201
151202
151203
