266
310
324
325
327
328
329
330
331
332
333
334
335
336
337
338
339
340
341
342
344
348
349
350
351
352
353
354
355
356
357
358
359
360
361
362
363
364
365
366
368
369
370
372
373
374
376
377
378
379
380
381
386
387
407
408
409
410
411
413
415
431
432
434
436
437
438
439
440
441
442
443
444
445
446
447
448
449
450
451
452
453
454
455
456
457
458
459
460
461
462
463
464
465
466
467
468
469
470
471
472
473
474
475
476
477
478
479
480
481
482
483
484
485
486
487
488
489
490
491
492
493
494
495
496
497
500
501
502
504
505
506
507
508
509
510
511
512
513
514
515
516
517
518
519
520
521
522
523
524
525
526
528
530
531
532
534
535
536
537
538
539
540
541
543
546
548
549
551
552
553
554
555
556
557
559
560
561
563
565
566
567
570
571
572
573
574
575
576
577
578
579
580
581
582
583
585
589
592
594
595
596
597
598
599
600
601
602
603
604
605
606
607
608
609
611
612
613
614
615
617
618
619
620
621
622
626
627
628
629
630
631
632
633
634
635
636
637
638
639
642
643
644
645
646
647
648
649
652
653
655
656
657
658
659
660
661
662
663