100
101
102
103
104
106
107
108
109
10
110
111
112
113
115
116
117
118
119
11
120
121
122
123
124
125
126
12
130
131
132
133
134
135
136
137
138
139
13
140
141
142
143
144
145
146
147
148
149
14
150
151
152
153
154
155
156
157
158
159
15
160
161
162
163
164
165
166
167
168
169
16
170
171
172
173
174
175
176
177
178
179
180
181
182
183
184
185
186
187
188
189
18
190
191
192
195
196
197
198
199
19
201
202
203
204
205
207
208
20
212
214
215
216
218
219
21
221
222
224
225
226
227
229
22
230
231
232
233
234
235
236
237
238
239
23
240
241
242
243
244
245
246
247
248
249
250
251
252
253
254
255
256
257
258
259
25
260
261
262
263
264
265
267
269
26
270
271
272
273
274
275
276
277
278
279
27
280
281
282
283
284
287
288
28
291
292
293
294
295
296
297
298
299
29
300
301
302
303
305
306
308
309
30
311
312
313
314
315
316
317
318
31
320
321
322
323
326
32
33
343
347
34
367
36
371
375
382
384
388
390
391
392
395
396
397
399
39
400
401
402
403
404
405
406
40
412
414
416
417
418
419
41
420
421
422
423
425
426
427
428
429
42
430
433
435
43
44
45
46
47
48
498
499
49
503
50
51
527
52
533
53
544
545
547
550
558
55
564
568
569
56
57
584
587
58
593
59
60
616
61
623
625
62
63
640
641
64
650
651
654
65
664
66
68
69
70
71
72
73
74
75
76
78
79
80
81
83
84
85
86
87
88
89
8
90
91
92
93
94
95
96
97
98
9