100
101
102
104
105
106
108
109
10
110
111
112
115
116
117
118
119
11
120
121
122
123
124
125
126
12
130
131
132
134
135
136
137
138
139
13
140
141
142
143
144
145
146
147
148
149
14
150
151
152
153
155
156
158
159
15
160
161
162
163
164
166
167
168
169
170
171
172
173
174
175
176
177
178
179
17
180
182
184
185
186
187
188
189
18
190
191
192
193
194
195
196
197
198
199
19
200
201
202
203
204
205
207
208
209
20
211
212
213
214
215
216
217
218
219
21
221
222
224
225
226
227
229
22
230
231
232
233
234
235
237
238
239
23
240
241
242
243
244
245
246
247
248
249
252
253
254
255
256
257
258
25
263
267
269
26
270
271
272
273
274
276
277
278
279
27
280
281
282
284
285
287
28
291
292
293
294
295
296
297
299
29
301
302
30
311
319
31
32
33
34
36
383
385
389
393
394
395
396
398
39
401
40
414
416
41
424
425
426
428
42
44
45
46
48
49
50
51
529
52
53
54
55
56
57
58
59
60
61
62
63
64
65
66
67
68
69
70
72
73
74
75
76
77
78
79
80
81
82
83
85
86
87
89
8
90
91
92
93
94
95
96
97
98
99
9